0 0.131055(0.131055)
1 0.132027(0.132027)
2 0.133538(0.133538)
3 0.135311(0.135311)
4 0.137021(0.137021)
5 0.138342(0.138342)
6 0.139005(0.139005)
7 0.138868(0.138868)
8 0.137943(0.137943)
9 0.136399(0.136399)
10 0.13451(0.13451)
11 0.132595(0.132595)
12 0.130955(0.130955)
13 0.129829(0.129829)
14 0.129375(0.129375)
15 0.129653(0.129653)
16 0.130628(0.130628)
17 0.132163(0.132163)
18 0.134031(0.134031)
19 0.135924(0.135924)
20 0.137506(0.137506)
21 0.138473(0.138473)
22 0.138635(0.138635)
23 0.137977(0.137977)
24 0.136679(0.136679)
25 0.135078(0.135078)
26 0.133606(0.133606)
27 0.13271(0.13271)
28 0.132817(0.132817)
29 0.134305(0.134305)
30 0.137507(0.137507)
31 0.142709(0.142709)
32 0.150133(0.150133)
33 0.159872(0.159872)
34 0.171766(0.171766)
35 0.185194(0.185194)
36 0.198844(0.198844)
37 0.210635(0.210635)
38 0.218072(0.218072)
39 0.219165(0.219165)
40 0.213461(0.213461)
41 0.202319(0.202319)
42 0.188167(0.188167)
43 0.173423(0.173423)
44 0.159821(0.159821)
45 0.148311(0.148311)
46 0.139262(0.139262)
47 0.132703(0.132703)
48 0.128511(0.128511)
49 0.126503(0.126503)
50 0.12648(0.12648)
51 0.128222(0.128222)
52 0.131461(0.131461)
53 0.135837(0.135837)
54 0.140857(0.140857)
55 0.145878(0.145878)
56 0.150164(0.150164)
57 0.153018(0.153018)
58 0.153968(0.153968)
59 0.152923(0.152923)
60 0.150202(0.150202)
61 0.146419(0.146419)
62 0.142295(0.142295)
63 0.1385(0.1385)
64 0.135564(0.135564)
65 0.133859(0.133859)
66 0.133616(0.133616)
67 0.13495(0.13495)
68 0.13786(0.13786)
69 0.142207(0.142207)
70 0.147656(0.147656)
71 0.153618(0.153618)
72 0.159223(0.159223)
73 0.163415(0.163415)
74 0.165205(0.165205)
75 0.164038(0.164038)
76 0.160052(0.160052)
77 0.154049(0.154049)
78 0.147188(0.147188)
79 0.14063(0.14063)
80 0.135316(0.135316)
81 0.131937(0.131937)
82 0.131012(0.131012)
83 0.133008(0.133008)
84 0.13846(0.13846)
85 0.148071(0.148071)
86 0.162777(0.162777)
87 0.183706(0.183706)
88 0.211848(0.211848)
89 0.247042(0.247042)
90 0.285841(0.285841)
91 0.319099(0.319099)
92 0.333637(0.333637)
93 0.321796(0.321796)
94 0.289336(0.289336)
95 0.24951(0.24951)
96 0.21256(0.21256)
97 0.182731(0.182731)
98 0.160479(0.160479)
99 0.144847(0.144847)
100 0.134671(0.134671)
101 0.128989(0.128989)
102 0.127114(0.127114)
103 0.128574(0.128574)
104 0.132993(0.132993)
105 0.139934(0.139934)
106 0.148684(0.148684)
107 0.158045(0.158045)
108 0.16627(0.16627)
109 0.171388(0.171388)
110 0.171967(0.171967)
111 0.167864(0.167864)
112 0.160302(0.160302)
113 0.151193(0.151193)
114 0.142334(0.142334)
115 0.134999(0.134999)
116 0.12994(0.12994)
117 0.127577(0.127577)
118 0.128195(0.128195)
119 0.132089(0.132089)
120 0.139646(0.139646)
121 0.151359(0.151359)
122 0.167735(0.167735)
123 0.188992(0.188992)
124 0.2144(0.2144)
125 0.24125(0.24125)
126 0.26411(0.26411)
127 0.276078(0.276078)
128 0.272809(0.272809)
129 0.255946(0.255946)
130 0.231655(0.231655)
131 0.20625(0.20625)
132 0.183632(0.183632)
133 0.165339(0.165339)
134 0.151534(0.151534)
135 0.14182(0.14182)
136 0.13567(0.13567)
137 0.132602(0.132602)
138 0.132211(0.132211)
139 0.134145(0.134145)
140 0.138046(0.138046)
141 0.143468(0.143468)
142 0.149804(0.149804)
143 0.156246(0.156246)
144 0.16183(0.16183)
145 0.165608(0.165608)
146 0.166904(0.166904)
147 0.165545(0.165545)
148 0.161898(0.161898)
149 0.156706(0.156706)
150 0.150836(0.150836)
151 0.145053(0.145053)
152 0.139917(0.139917)
153 0.135774(0.135774)
154 0.132787(0.132787)
155 0.130988(0.130988)
156 0.13031(0.13031)
157 0.130608(0.130608)
158 0.131668(0.131668)
159 0.133213(0.133213)
160 0.134916(0.134916)
161 0.136429(0.136429)
162 0.137431(0.137431)
163 0.137689(0.137689)
164 0.137113(0.137113)
165 0.135778(0.135778)
166 0.133905(0.133905)
167 0.131816(0.131816)
168 0.129866(0.129866)
169 0.1284(0.1284)
170 0.127716(0.127716)
171 0.128055(0.128055)
172 0.129599(0.129599)
173 0.132468(0.132468)
174 0.136705(0.136705)
175 0.142246(0.142246)
176 0.148866(0.148866)
177 0.156117(0.156117)
178 0.163284(0.163284)
179 0.169415(0.169415)
180 0.173488(0.173488)
181 0.174696(0.174696)
182 0.172757(0.172757)
183 0.168032(0.168032)
184 0.161385(0.161385)
185 0.153875(0.153875)
186 0.146462(0.146462)
187 0.139859(0.139859)
188 0.134502(0.134502)
189 0.130609(0.130609)
190 0.128234(0.128234)
191 0.127324(0.127324)
192 0.127735(0.127735)
193 0.129245(0.129245)
194 0.131541(0.131541)
195 0.134222(0.134222)
196 0.136819(0.136819)
197 0.138853(0.138853)
198 0.139932(0.139932)
199 0.139845(0.139845)
200 0.138619(0.138619)
201 0.136501(0.136501)
202 0.13388(0.13388)
203 0.131182(0.131182)
204 0.128784(0.128784)
205 0.126966(0.126966)
206 0.125893(0.125893)
207 0.125615(0.125615)
208 0.126077(0.126077)
209 0.127123(0.127123)
210 0.12851(0.12851)
211 0.129933(0.129933)
212 0.131066(0.131066)
213 0.131633(0.131633)
214 0.131474(0.131474)
215 0.130596(0.130596)
216 0.129183(0.129183)
217 0.127553(0.127553)
218 0.126097(0.126097)
219 0.125215(0.125215)
220 0.125279(0.125279)
221 0.126608(0.126608)
222 0.129474(0.129474)
223 0.134089(0.134089)
224 0.140581(0.140581)
225 0.148932(0.148932)
226 0.158862(0.158862)
227 0.169674(0.169674)
228 0.180136(0.180136)
229 0.18854(0.18854)
230 0.193132(0.193132)
231 0.192823(0.192823)
232 0.187767(0.187767)
233 0.179306(0.179306)
234 0.169337(0.169337)
235 0.159625(0.159625)
236 0.151444(0.151444)
237 0.145574(0.145574)
238 0.142456(0.142456)
239 0.142374(0.142374)
240 0.145574(0.145574)
241 0.15233(0.15233)
242 0.16291(0.16291)
243 0.177421(0.177421)
244 0.195448(0.195448)
245 0.21544(0.21544)
246 0.234097(0.234097)
247 0.246571(0.246571)
248 0.248448(0.248448)
249 0.238675(0.238675)
250 0.220415(0.220415)
251 0.19875(0.19875)
252 0.177887(0.177887)
253 0.160131(0.160131)
254 0.146263(0.146263)
255 0.136246(0.136246)
256 0.129731(0.129731)
257 0.126302(0.126302)
258 0.125561(0.125561)
259 0.127119(0.127119)
260 0.130524(0.130524)
261 0.135181(0.135181)
262 0.14028(0.14028)
263 0.144817(0.144817)
264 0.147771(0.147771)
265 0.148409(0.148409)
266 0.146582(0.146582)
267 0.14278(0.14278)
268 0.13791(0.13791)
269 0.132971(0.132971)
270 0.128806(0.128806)
271 0.126019(0.126019)
272 0.125(0.125)
273 0.125987(0.125987)
274 0.12911(0.12911)
275 0.134393(0.134393)
276 0.141701(0.141701)
277 0.150626(0.150626)
278 0.16034(0.16034)
279 0.169512(0.169512)
280 0.176461(0.176461)
281 0.179649(0.179649)
282 0.178354(0.178354)
283 0.173038(0.173038)
284 0.165099(0.165099)
285 0.156226(0.156226)
286 0.147846(0.147846)
287 0.140911(0.140911)
288 0.135945(0.135945)
289 0.133177(0.133177)
290 0.132669(0.132669)
291 0.134379(0.134379)
292 0.138167(0.138167)
293 0.143749(0.143749)
294 0.150603(0.150603)
295 0.157881(0.157881)
296 0.164397(0.164397)
297 0.168809(0.168809)
298 0.170027(0.170027)
299 0.167659(0.167659)
300 0.162199(0.162199)
301 0.154793(0.154793)
302 0.146765(0.146765)
303 0.139238(0.139238)
304 0.132977(0.132977)
305 0.128414(0.128414)
306 0.125745(0.125745)
307 0.125015(0.125015)
308 0.126175(0.126175)
309 0.129076(0.129076)
310 0.133444(0.133444)
311 0.138816(0.138816)
312 0.144489(0.144489)
313 0.14954(0.14954)
314 0.152977(0.152977)
315 0.154027(0.154027)
316 0.152435(0.152435)
317 0.14858(0.14858)
318 0.143317(0.143317)
319 0.137664(0.137664)
320 0.132541(0.132541)
321 0.12864(0.12864)
322 0.126442(0.126442)
323 0.126277(0.126277)
324 0.128402(0.128402)
325 0.133045(0.133045)
326 0.140416(0.140416)
327 0.150653(0.150653)
328 0.16368(0.16368)
329 0.178954(0.178954)
330 0.195126(0.195126)
331 0.209836(0.209836)
332 0.220036(0.220036)
333 0.223127(0.223127)
334 0.218368(0.218368)
335 0.207312(0.207312)
336 0.192839(0.192839)
337 0.17775(0.17775)
338 0.163969(0.163969)
339 0.152482(0.152482)
340 0.143614(0.143614)
341 0.137332(0.137332)
342 0.133436(0.133436)
343 0.131662(0.131662)
344 0.131712(0.131712)
345 0.133248(0.133248)
346 0.135866(0.135866)
347 0.139082(0.139082)
348 0.142335(0.142335)
349 0.145045(0.145045)
350 0.146717(0.146717)
351 0.147051(0.147051)
352 0.146026(0.146026)
353 0.143884(0.143884)
354 0.14105(0.14105)
355 0.138005(0.138005)
356 0.135186(0.135186)
357 0.132928(0.132928)
358 0.131442(0.131442)
359 0.130823(0.130823)
